1961 1962 1963 1964 1965 1966 1967 1968 1969 1970
4 1 4 1 4 1 4 2 4 2 3 20 3 30 3 29 4 6 4 7
1971 1972 1973 1974 1975 1976 1977 1978 1979 1980
3 30 3 28 3 31 4 2 3 29 3 22 3 22 3 31 3 23 3 31
1981 1982 1983 1984 1985 1986 1987 1988 1989 1990 
3 26 3 23 3 31 4 11 4 3 4 3 3 23 4 2 3 20 3 20
1991 1992 1993 1994 1995 1996 1997 1998 1999 2000
3 30 3 24 3 24 3 31 3 31 3 31 3 21 3 27 3 24 3 30
2001 2002 2003 2004 2005 2006 2007 2008 2009 2010
3 23 3 16 3 27 3 18 3 31 3 21 3 20 3 22 3 21 3 22
2011 2012 2013 2014 2015 2016 2017
3 28 3 31 3 16 3 25 3 23 3 21 3 21
